powLv1,powLv2,powLv3,powLv4,powLv5,kelas
0.4484572621784245,0.22086015990621763,0.14393849197263467,0.10490342433761642,0.08184066160510681,B
0.44828824512348336,0.2213145510310651,0.14433485113254146,0.10496379993813472,0.08109855277477533,B
0.44891621502381535,0.22104937916101958,0.14374050724707482,0.10519757735293479,0.08109632121515545,B
0.44960039494177206,0.22114074498977235,0.14410676330772157,0.10493025056222402,0.08022184619850999,B
0.4518855322272488,0.22159353216477778,0.1439874224968635,0.10371754759512516,0.07881596551598477,B
0.44238227040767497,0.219559431489925,0.14497661976156537,0.10748954556881421,0.0855921327720205,B
0.4432697750487215,0.21995749723340285,0.14520511991852003,0.1070838597212837,0.08448374807807184,B
0.4482864761427072,0.2210138102891153,0.1435888483192298,0.10556143636951784,0.08154942887942968,B
0.4455656357152738,0.22052056829037783,0.14471117889457563,0.10592342239277237,0.08327919470700036,B
0.45360542106313445,0.22229079469653096,0.14361809707742348,0.10213428583892188,0.0783514013239892,B
0.4535823807588859,0.22195302363633793,0.14387391048106035,0.10291202907344729,0.07767865605026844,B
0.4560621443668447,0.22225515620032363,0.14266527851998784,0.10196482610142123,0.07705259481142261,B
0.44497767254442677,0.22040255576741513,0.14478074780697475,0.10669202037209932,0.08314700350908384,B
0.44960748542928863,0.2213421821157499,0.1437414133527525,0.10432228987269866,0.0809866292295103,B
0.4548916166750634,0.22231341819585979,0.14302993183003154,0.10301924458381911,0.07674578871522615,B
0.44061643523741567,0.2193879758241299,0.1454203276150481,0.10854144336427485,0.08603381795913151,B
0.45367635102769077,0.22224487912493573,0.1436798228073953,0.10287718249695671,0.07752176454302154,B
0.4586270698979699,0.2227833282476574,0.1427817451672449,0.09999836451167436,0.0758094921754534,B
0.4458103617896367,0.22041587480406982,0.14467479297051575,0.1062366054106527,0.08286236502512502,B
0.4503751647341406,0.22113129200542728,0.14394457593886287,0.10398302027044333,0.08056594705112595,B
0.44709771112854335,0.22063318202421223,0.1447725038101013,0.10560376538411458,0.08189283765302852,B
0.44931274992449177,0.22099873465857045,0.14426815654113734,0.10474689666986843,0.08067346220593197,B
0.4516394518986434,0.22229468255582807,0.14363604236176483,0.10310078636695953,0.07932903681680414,B
0.4455107443248676,0.2205064757958821,0.1447041381503121,0.1060797327026033,0.08319890902633494,B
0.45062481202407156,0.2213530008277595,0.14390558750961507,0.10442172615799826,0.0796948734805557,B
0.44251381287174,0.2201866418430891,0.14483201828159548,0.10741581415581156,0.08505171284776378,B
0.44556450302545814,0.22036587754995934,0.14467603876225926,0.10651853048561769,0.08287505017670548,B
0.4415916025572419,0.21958252159842975,0.1452166829590004,0.10789924784865584,0.0857099450366722,B
0.4517250214697557,0.2212306413802175,0.14397934352382494,0.10351903742677873,0.07954595619942319,B
0.4475066079246548,0.22102455467494334,0.14394583491280583,0.10550991511086466,0.08201308737673145,B
0.44825574359583176,0.2210179764119645,0.14365851842828686,0.10534228370233815,0.08172547786157863,B
0.4562270310353595,0.222709638193082,0.14261349349872657,0.10240347530112692,0.07604636197170497,B
0.46117315424240907,0.22310477198278492,0.14243109397249673,0.09887096155866235,0.07442001824364694,B
0.45205150798864624,0.22122084435386605,0.14360099457758746,0.10386426769313581,0.07926238538676449,B
0.45368046577867277,0.2224672856325213,0.14347479065130114,0.10270651040083743,0.07767094753666741,B
0.45291011062328995,0.22223131205705993,0.1430982399049809,0.1028060320143983,0.07895430540027092,B
0.45241459741573953,0.22223603031574524,0.1435187445438588,0.10340627079393619,0.07842435693072031,B
0.4498386852783109,0.22140391377809124,0.14375408755799468,0.10436019256641783,0.08064312081918533,B
0.4553838675420683,0.22270626437656682,0.14304568237121015,0.1019705071285848,0.07689367858156997,B
0.4538522655123668,0.22217525668323518,0.14323661160590578,0.10272152631375865,0.07801433988473365,B
0.45388138349136203,0.2221815124099817,0.14385087768205918,0.10225169511486046,0.07783453130173672,B
0.43814670665315253,0.21900520838138798,0.14593321973344603,0.10943867439675448,0.08747619083525895,B
0.45441835381334367,0.22253121483568772,0.1424734541183552,0.1027968187124447,0.0777801585201687,B
0.45162413610437846,0.22142584498675327,0.14356289604210756,0.10403049667411864,0.07935662619264201,B
0.4466863321481456,0.22070778236401217,0.14450434288822014,0.10583071957977304,0.08227082301984891,B
0.4506455832896611,0.22192893374364234,0.143054285514513,0.10434170810133071,0.08002948935085283,B
0.44014549965869343,0.2193893711032755,0.14558599955390542,0.10848499498411651,0.08639413470000917,B
0.4470374829305491,0.2207475506016351,0.14468428463529143,0.10576250484653932,0.08176817698598497,B
0.44634149172200493,0.22067400038299878,0.1443576356985761,0.10641561551570394,0.08221125668071631,B
0.45063860169544445,0.22121551824371471,0.14384875001737024,0.10441602540299479,0.07988110464047583,B
0.4382365003774747,0.21896721276826653,0.1459040480166009,0.10943302309708877,0.08745921574056907,B
0.4415899984540746,0.21961722783416876,0.14522889085123375,0.10793826278623093,0.08562562007429189,B
0.44465075308781127,0.2203751974714829,0.14472787806622503,0.10658663194976668,0.08365953942471421,B
0.4503840727921572,0.2216906026266724,0.14370241736421843,0.10452818666125344,0.07969472055569855,B
0.4522711284593505,0.22141378056653924,0.14311388151742366,0.10394680339432999,0.07925440606235658,B
0.4499806909930218,0.2214581971885452,0.1433864141721244,0.10447731231301828,0.08069738533329036,B
0.447532265762256,0.22059931856505072,0.14434395744737208,0.10586898351526061,0.08165547471006063,B
0.44045204380512315,0.21937515898461962,0.14546946871199687,0.10838070298176479,0.0863226255164955,B
0.4575142662723224,0.22210809248566413,0.14142252373336048,0.10215981686022862,0.0767953006484244,B
0.45740672687755907,0.2227460240731334,0.14244058238290502,0.10157958819609395,0.0758270784703086,B
0.4553631986389022,0.22173818022695638,0.1433701413910493,0.10232987843263268,0.07719860131045958,B
0.44185770297489074,0.21949780042899686,0.14482837748458152,0.10832659558941138,0.08548952352211954,B
0.45896531094437676,0.22257575568953084,0.14249987727069752,0.10053585140194446,0.07542320469345047,B
0.4486819042565925,0.22085649908441748,0.14366059464844555,0.10486889482586512,0.08193210718467941,B
0.45819249511759996,0.22214823749488677,0.1417224807827158,0.1014725414314902,0.0764642451733072,B
0.456476795935684,0.22185984804681452,0.1422334903025061,0.10144687810907038,0.07798298760592495,B
0.4542925886282252,0.22183186754188966,0.14288676664718333,0.10277547858991302,0.07821329859278886,B
0.45573572329346984,0.22318076435136966,0.1431963469793741,0.10125846924793772,0.07662869612784869,B
0.4565681933901663,0.22224214066242318,0.14257708761257623,0.10253780662818567,0.07607477170664866,B
0.44028590627541414,0.21925467932465162,0.14538081407007575,0.10848945138572415,0.08658914894413429,B
0.45723696827771587,0.22226003254874593,0.14155294476264293,0.10140461028022128,0.07754544413067388,B
0.45443621187981387,0.22160631020594396,0.14229243750672443,0.10322524348593548,0.07843979692158215,B
0.4557540563196851,0.22169161328078224,0.14275045701044708,0.10211175258708254,0.07769212080200304,B
0.44069831507536794,0.21945573811300542,0.14530489479426748,0.10831785588473244,0.08622319613262666,B
0.45803260280337643,0.22272322465732206,0.14212615193990566,0.10107837063424456,0.07603964996515129,B
0.4489529386724939,0.22099096128488588,0.14381370386408548,0.10534985270602154,0.08089254347251308,B
0.45564526794440025,0.22134903466700698,0.14241003012937375,0.10324753340336369,0.07734813385585539,B
0.44523852523345514,0.21991029184930974,0.14428307100553092,0.10694120747189889,0.0836269044398054,B
0.45316456731890337,0.22149039372827536,0.14306656139245583,0.10273099302762907,0.0795474845327365,B
0.4548413309230624,0.22187939784044838,0.1424914674219263,0.10298354215081165,0.0778042616637512,B
0.45433955992289915,0.2218545167762994,0.1424993240273928,0.10304892813566856,0.07825767113774015,B
0.4561808515779097,0.2219788213242779,0.14280483925554446,0.101642250892633,0.07739323694963493,B
0.43971757765972075,0.21916776861787726,0.1455998762401515,0.10873206501051613,0.08678271247173423,B
0.45746020755172784,0.2217396336311486,0.14200820544100962,0.10124177704970042,0.07755017632641348,B
0.4595430639167144,0.222916863432163,0.14189092668863496,0.10027555251417702,0.07537359344831063,B
0.44691710412697544,0.22066160446278046,0.14389760002193006,0.10604757466522294,0.08247611672309108,B
0.4560516547349739,0.22132809746386245,0.14231653339025274,0.1029106688418752,0.07739304556903581,B
0.4535440503164065,0.22218448236850802,0.143563142106103,0.10256427968898421,0.07814404551999835,B
0.45570048120183093,0.22245273211980307,0.1422488500897013,0.1016828091903402,0.07791512739832453,B
0.4578707397241619,0.22152600364674252,0.14113008831835802,0.10183342796629966,0.07763974034443795,B
0.453785067468302,0.2222478217008001,0.14343494069113355,0.10282394380840094,0.07770822633136333,B
0.45464050800073247,0.2217455155253313,0.14246479699161463,0.10290121556004087,0.07824796392228066,B
0.45345647266044775,0.2223917881699503,0.1439137202525875,0.10270488882167493,0.07753313009533952,B
0.4512620322321406,0.22170271610450684,0.14383457130775004,0.10402722521875458,0.0791734551368478,B
0.45369666562137856,0.22252421947956053,0.1427418855183531,0.10338342867035076,0.07765380071035703,B
0.44582066597975717,0.2205178622310693,0.14465500153423705,0.10594172915404436,0.08306474110089217,B
0.4526751397440108,0.22182168355386353,0.1430709149968979,0.1032884411839848,0.07914382052124304,B
0.4414976109241555,0.21951175116169708,0.1453426878986812,0.10800102569473705,0.08564692432072911,B
0.4501190321976458,0.22151093655387005,0.14349724356604396,0.1043158767666415,0.08055691091579854,B
0.4533718501302583,0.22262821730491877,0.14308241255144746,0.10287268485533704,0.07804483515803838,B
0.44045742654409165,0.2195217402586444,0.14543167454457623,0.10848990740860055,0.08609925124408711,C
0.4405131631921424,0.21959322782025134,0.14556638059987712,0.10834480477477351,0.08598242361295562,C
0.4414979126737155,0.21976006707315873,0.14521898988835447,0.1079715494393383,0.08555148092543292,C
0.4404402145555726,0.21945541981197744,0.14550721818435866,0.10842440574374584,0.08617274170434545,C
0.445714651805391,0.22011870112832113,0.14456881704752209,0.10586730603318537,0.08373052398558037,C
0.4404552378849216,0.21954581884336263,0.1454011923376228,0.10846870378747173,0.08612904714662116,C
0.44005837591555463,0.21933266996495981,0.1455168022511159,0.10859758875058585,0.08649456311778382,C
0.4391020298065487,0.21909693691375942,0.14572745016709432,0.10921006345114365,0.08686351966145385,C
0.4408525439885209,0.21950629674189703,0.1455112664220119,0.10819835996525656,0.08593153288231357,C
0.4414280720194286,0.21956032371854972,0.14541791009069963,0.10820586548872253,0.08538782868259956,C
0.44168226697689383,0.21954341618041848,0.14529891323144092,0.10790411015049291,0.08557129346075397,C
0.4409990183863565,0.21955103644864107,0.1453459254460026,0.10829530717450177,0.08580871254449814,C
0.43951451499896965,0.21925252582880736,0.1456495985576755,0.108888578164952,0.08669478244959547,C
0.4383185437434207,0.21901549369165343,0.14593858352893813,0.10934674972205037,0.0873806293139374,C
0.44410835159588796,0.2197876069148284,0.14451752950459243,0.10700204177385426,0.08458447021083694,C
0.4393366371171059,0.21928973648268463,0.14564645127080209,0.10894213282255796,0.08678504230684941,C
0.4417783125740038,0.21944567743231877,0.1450213519486377,0.10837198112567017,0.0853826769193697,C
0.44079733849916786,0.21951044247936796,0.14533523838859552,0.10839647434254283,0.08596050629032599,C
0.440078877785435,0.2193527029552316,0.1454581552203709,0.10875189925407709,0.08635836478488546,C
0.43941793346146896,0.21920746006492614,0.1457581916331766,0.10893546320394094,0.08668095163648733,C
0.4409137216041999,0.21929090609652538,0.14557209488804398,0.1082569069898057,0.08596637042142503,C
0.4402741912135558,0.219450659263849,0.14559964963883756,0.10860955395273562,0.08606594593102192,C
0.4412071994705773,0.21905014105803752,0.14526708767142268,0.10839052205686907,0.08608504974309346,C
0.4411812001169591,0.2193848161115553,0.1452900810304515,0.1081728842401186,0.08597101850091558,C
0.441346977104768,0.21965268805077895,0.1453695529137561,0.10830857485852934,0.0853222070721677,C
0.43992620562838197,0.21921146777671216,0.14554892138059386,0.10888878969876088,0.08642461551555115,C
0.44145758308178573,0.21951378370728972,0.1455404120368671,0.10811556548193536,0.0853726556921221,C
0.44136664322109864,0.21921821877150952,0.1454182233139167,0.10814400654671495,0.08585290814676028,C
0.4395054639248397,0.21920648936209192,0.14570244189316575,0.10886048797450247,0.08672511684540028,C
0.4395329397769904,0.2191899899614749,0.14561032171907184,0.1089756091049504,0.08669113943751246,C
0.44156180836358977,0.2197478343309568,0.14550351978719367,0.10804214554936552,0.0851446919688944,C
0.4392601734152692,0.21916019400518844,0.14570734576963354,0.1090604802046511,0.08681180660525772,C
0.43949253517734593,0.21926264416583938,0.14567912343538314,0.10891039275695656,0.08665530446447495,C
0.4395296670339643,0.21924668928706428,0.14580810736658406,0.10886456030683424,0.08655097600555316,C
0.4395842581207563,0.2191740283291047,0.14569686071011387,0.10893700383529731,0.08660784900472782,C
0.43967013140090705,0.21916898615415306,0.14563905012697453,0.10890178924925444,0.08662004306871086,C
0.44133623517853876,0.21956289462644718,0.14531575493988955,0.10791655163264648,0.08586856362247805,C
0.44011143400770186,0.21924983432561093,0.14565914860484896,0.10860388370781315,0.08637569935402523,C
0.4426545233492509,0.22001036142084848,0.14520884717739296,0.10743570180909595,0.08469056624341166,C
0.4400803632746765,0.2194611743304749,0.14557411765397538,0.10852847981070753,0.08635586493016563,C
0.44115868995437957,0.21919648677326722,0.14539509849784893,0.10825209823237272,0.08599762654213151,C
0.4408051078067299,0.21949482899989411,0.14517260530728673,0.10832778028535474,0.08619967760073467,C
0.44203411816081606,0.21956749122754826,0.14533428746615445,0.1077760282941598,0.08528807485132141,C
0.4409904748010484,0.21947018433895396,0.14551635614078873,0.10819677724493972,0.08582620747426918,C
0.43876990148268236,0.21912669713927238,0.14583511645406916,0.10913292589952153,0.0871353590244545,C
0.4407543326076341,0.21918282781569465,0.14536764235917596,0.10861422787211084,0.08608096934538453,C
0.441423578069138,0.2196921368856072,0.1454949832515649,0.10784268144171232,0.0855466203519775,C
0.45032491657524165,0.22118909408584572,0.1429827046997618,0.10484450669515301,0.08065877794399783,C
0.43916351087627903,0.21911405286346447,0.14577835053270682,0.1090037011416147,0.0869403845859349,C
0.44412707746337865,0.2197151705632928,0.14464181272940005,0.10707219223901895,0.08444374700490946,C
0.440983388153791,0.21963866986597821,0.14536436420744311,0.10815753831900564,0.08585603945378198,C
0.44728704818300474,0.22056951931073573,0.14402462734821941,0.10541402046993839,0.0827047846881018,C
0.43998234357770233,0.219390088976696,0.1455545148203391,0.10874975186068521,0.08632330076457734,C
0.4404397738340088,0.2193104651735098,0.14565140548352587,0.10862500205076656,0.085973353458189,C
0.4408902904471001,0.21959863075486086,0.1452810491923935,0.10847843336685314,0.08575159623879237,C
0.4451093438938527,0.2198246272241079,0.1446679221476811,0.10687666686802447,0.08352143986633383,C
0.4414020509112472,0.21929846651365886,0.1454172235113989,0.10808244024671897,0.08579981881697597,C
0.4392117713968978,0.21917577679597766,0.14577824401092643,0.10890633121407282,0.08692787658212521,C
0.4416449259054999,0.2195036802628104,0.14510849330639689,0.10810503535107456,0.08563786517421816,C
0.44109819923711513,0.21950011945584727,0.1456334125896125,0.10797760978373319,0.085790658933692,C
0.4421247726336667,0.21974326385807746,0.14524046475534585,0.10771286703422384,0.08517863171868613,C
0.44187272065798555,0.2197688081307928,0.1451783750763981,0.10773816840694052,0.08544192772788294,C
0.441991996267762,0.21966405412126153,0.1453159174931506,0.10781410329902269,0.08521392881880323,C
0.44066511591356183,0.2194366422733612,0.1455489106798536,0.10848243122813737,0.08586689990508592,C
0.4413227436704888,0.21966364494703347,0.1452895011160898,0.10807172991174976,0.08565238035463817,C
0.4393906113353937,0.21921473236818648,0.14568158733632344,0.10893402054410128,0.08677904841599511,C
0.44085541718344956,0.21932811601162627,0.1452735187160095,0.10845692044283074,0.08608602764608396,C
0.4420025352595456,0.2194560093619341,0.1453726756211658,0.10758414713543817,0.08558463262191635,C
0.442050326176357,0.2197913575834906,0.14520917153232407,0.10787179084873849,0.08507735385908989,C
0.4410476349198044,0.21947196677940453,0.14543538594520222,0.10828420378539202,0.08576080857019683,C
0.4408316164765099,0.21938300115928266,0.14528369432277366,0.10841104714918588,0.0860906408922479,C
0.4407042183215747,0.21956102973436956,0.14552358511357824,0.1082654955966651,0.08594567123381242,C
0.44091786311073194,0.21952049369536178,0.14541934457897274,0.10836260622531015,0.08577969238962337,C
0.44164122796866645,0.21933965061445557,0.14536520973422457,0.10820168413102872,0.08545222755162463,C
0.44055844768670294,0.21930017692505047,0.1454444068746741,0.10843039611799242,0.08626657239558,C
0.43943631306708714,0.2191622201447621,0.14570185573427455,0.10888793415666195,0.0868116768972143,C
0.4408151603308121,0.21936280640543898,0.14541351150087073,0.10833087373466742,0.08607764802821082,C
0.4419487074765668,0.21956772048198492,0.14503407078815883,0.10794354649012475,0.08550595476316476,C
0.44197972256379087,0.21943894646760598,0.14537266576047903,0.10793747117280535,0.08527119403531874,C
0.44063584409747864,0.21916052864664662,0.14543281340705455,0.10853133736682219,0.08623947648199799,C
0.4401076286347031,0.21921432042575348,0.1455516874024285,0.10861986810092687,0.08650649543618803,C
0.4405558520281847,0.21931976013335036,0.1454817422850049,0.10847186128288212,0.08617078427057778,C
0.43801482984381446,0.21896871307565324,0.14595756283919092,0.10948435653782662,0.08757453770351464,C
0.442061488607269,0.21980418617838807,0.14513975307426474,0.10785191272065621,0.08514265941942199,C
0.4468787284088831,0.22030257532945913,0.14362009086092872,0.10630738205663913,0.08289122334408994,C
0.4417194458635602,0.2196512702321937,0.14538988318532892,0.10772674358523623,0.08551265713368103,C
0.44012642099442917,0.21932634297744333,0.1455977442028994,0.10855877992205216,0.08639071190317588,C
0.4418260465703245,0.21971967166436135,0.14513646623930113,0.10802024427615374,0.08529757124985922,C
0.4387311675710562,0.2191270390278225,0.1458028824567493,0.1092065793801385,0.08713233156423353,C
0.44095083016010445,0.2192138158393195,0.14542103424446018,0.10839118501495365,0.08602313474116226,C
0.44522780973015613,0.22011136843862456,0.14416623852265797,0.10705714303973406,0.08343744026882728,C
0.44273494987474704,0.21948445151029014,0.14487673086668992,0.10776348334579101,0.08514038440248176,C
0.44020915612574846,0.21925954982223908,0.14540103210609778,0.10878715415834944,0.08634310778756522,C
0.4415620865029562,0.21967117370044167,0.14540380091618527,0.1079028068603889,0.08546013202002789,C
0.4396213320687538,0.21912981708770005,0.14560334059463667,0.10881568165417836,0.0868298285947311,C
0.4456028234123217,0.2198156138891981,0.14456106807749974,0.10693281300131612,0.08308768161966441,C
0.4380294093477838,0.21896849416546824,0.14594865587750872,0.10948424708273412,0.08756919352650522,C
0.4420832606851176,0.21968820425270677,0.14518909731733526,0.10780837032178255,0.08523106742305776,C
0.4392969494333725,0.21929744279402794,0.14570151317681812,0.10893844627865275,0.08676564831712871,C
0.4403959636661014,0.2193008474397933,0.14559804507105728,0.10834260113772591,0.08636254268532206,C
0.4478410279824734,0.22067652515511063,0.14462711163525,0.10499908902179243,0.08185624620537356,E
0.45232208038006383,0.22164142211733912,0.1438640209368911,0.10421088778289304,0.077961588782813,E
0.4556540189033067,0.22249060966697048,0.14220899913016785,0.10266007166975288,0.07698630062980215,E
0.4451688125866589,0.22033502041858158,0.14450722688789022,0.10710575441756225,0.082883185689307,E
0.44473518665205886,0.22044579542287937,0.14475768841297268,0.10676975391656608,0.08329157559552303,E
0.4449970717023544,0.22046034989263671,0.144853557579422,0.10645100548835634,0.08323801533723055,E
0.4513288804255278,0.22205603079045716,0.14325048100386975,0.10262707940510192,0.08073752837504329,E
0.44480050225895496,0.2207261578829804,0.14481769241525455,0.10629186107794043,0.08336378636486969,E
0.4447484671756859,0.22044347245009793,0.1450743887938632,0.10668994356290823,0.08304372801744467,E
0.4652326582824532,0.22552869556785915,0.140960487285904,0.09810912908739809,0.07016902977638563,E
0.4514469821631322,0.2214840581275126,0.1438682550752226,0.10407484201655637,0.07912586261757622,E
0.44503275074741083,0.220501644145052,0.1446983936141444,0.10677234817284997,0.08299486332054277,E
0.4476258563217269,0.22135104448556908,0.14445612838754968,0.10548847700290118,0.08107849380225314,E
0.44261304239041355,0.2198801750364461,0.1451099207724139,0.10752669000723673,0.08487017179348971,E
0.4430356223335654,0.22004224478425236,0.14485011917791243,0.10747238925501817,0.08459962444925158,E
0.4407485449768951,0.2195355942557687,0.14554249578912282,0.10837065172705806,0.08580271325115522,E
0.45324104964555867,0.22134054535390288,0.14280090400299783,0.10404087605114494,0.07857662494639558,E
0.4442440790305957,0.22011128543771216,0.144664663683173,0.10687437386235879,0.08410559798616028,E
0.4443109824904375,0.2202219249565097,0.14497816037638728,0.10689353255292935,0.08359539962373624,E
0.4459348029638626,0.22070101224776917,0.14440890232252415,0.10648862753147666,0.08246665493436728,E
0.44386949186103547,0.21990915257424118,0.14438724993408616,0.10751907456949687,0.08431503106114026,E
0.449715017604608,0.221433350119445,0.1434523239747293,0.10540056725959099,0.07999874104162674,E
0.4469122708081471,0.2208206362020883,0.14457815011640793,0.1049865042195241,0.08270243865383256,E
0.4476249746461363,0.22080509795533063,0.1442743879940714,0.10552445404679973,0.08177108535766192,E
0.44286222334739755,0.21993261309271656,0.14505039730370875,0.10742220173556619,0.08473256452061094,E
0.4450758105260072,0.22044355510440253,0.14465184586621407,0.10662062720288083,0.08320816130049538,E
0.4542432806937448,0.22207820278630502,0.14318973471329172,0.10251391643527122,0.07797486537138723,E
0.4431779675583296,0.22006932064782936,0.14458571582135754,0.10761752288907331,0.08454947308341014,E
0.4429988328002285,0.21973872895025337,0.14489954923597737,0.10754738404628333,0.08481550496725748,E
0.451289258076283,0.222046895486084,0.1438769569780082,0.103502557503565,0.07928433195605984,E
0.44647434931341273,0.22092676916533424,0.14450025377918055,0.10601810358377098,0.08208052415830142,E
0.44213175573467456,0.2198549830747377,0.14507426568422152,0.10799646850460208,0.08494252700176406,E
0.44228035774070956,0.21981888451753423,0.1451140712497424,0.10771608991270107,0.08507059657931276,E
0.45100017994877434,0.22126532117388253,0.14378446529589634,0.10405855772020701,0.07989147586123992,E
0.45986232045433384,0.2233066616503526,0.14291943493883022,0.10030683751334882,0.07360474544313443,E
0.4443436884874551,0.22045954398404877,0.14522530704689124,0.10670351028637637,0.08326795019522845,E
0.4508118208464651,0.22163683908353923,0.1446691122654846,0.10361005685868184,0.07927217094582924,E
0.4438323115005625,0.2201990147742265,0.1448928433021352,0.10733443701840348,0.08374139340467242,E
0.4466807239059728,0.22073310453217962,0.14421261619174836,0.10584601331223212,0.08252754205786711,E
0.4437589517653534,0.22016160769998688,0.14484799500963225,0.10721485076063546,0.08401659476439206,E
0.44732116883131745,0.2208628689527468,0.144336267418791,0.10522360862011389,0.08225608617703083,E
0.44531133342354856,0.22023230405258631,0.1449589492783803,0.10632078018008247,0.08317663306540239,E
0.44436670626174946,0.2203143330773602,0.14519869243234684,0.10685533307589189,0.0832649351526516,E
0.4447817158359945,0.2204198057279244,0.14456014923732488,0.10676462744948031,0.0834737017492758,E
0.4416977543149475,0.219720109202511,0.1455290616806447,0.10762531112118986,0.0854277636807068,E
0.44537588491364843,0.2204219206737318,0.14466133174226986,0.10683991071749806,0.08270095195285183,E
0.4597303137280919,0.22238044344138147,0.14271062122888298,0.10067698654787298,0.07450163505377065,E
0.4442348698474613,0.2205328545718463,0.14476945555474344,0.10684842051280927,0.08361439951313963,E
0.45193557932487316,0.22238427783656967,0.14386331886641315,0.10284563275243684,0.07897119121970705,E
0.4462095710307887,0.22098027690305985,0.14441154780627152,0.10594227545228187,0.08245632880759814,E
0.4443465636554536,0.22005882040079036,0.14446337711047236,0.10694518041079729,0.08418605842248643,E
0.45789791596115376,0.2223529634324712,0.14304791392379923,0.10169540846695876,0.07500579821561702,E
0.44308017388148063,0.21977206535718694,0.14520502097309837,0.10746542522475667,0.08447731456347737,E
0.44923394549661827,0.22064677570521882,0.14409565330755245,0.10531059413165322,0.08071303135895716,E
0.4445453023697256,0.22019092399125773,0.1453816114435044,0.10649335674786034,0.08338880544765201,E
0.44210767933893025,0.2197264322276572,0.1450765545032128,0.10796880015378083,0.08512053377641889,E
0.4458862693687964,0.22048231786970382,0.1449605064897464,0.10639300238270097,0.08227790388905244,E
0.4434931686997373,0.22001146503017702,0.14485453061520506,0.1071440116716038,0.08449682398327676,E
0.4446856642021028,0.22058505383157762,0.14487192386331993,0.10623959891790379,0.08361775918509595,E
0.44262740582912735,0.21920167003988292,0.14537076705841093,0.10784383573525075,0.08495632133732813,E
0.45229755701539764,0.22152780669285863,0.14338196880836585,0.10409564890418738,0.07869701857919055,E
0.44590405999956645,0.22054443026029857,0.14399627489410158,0.10606686412107624,0.08348837072495717,E
0.445990304380821,0.22078326377921387,0.14460655627374544,0.10588607652990238,0.08273379903631736,E
0.4452519271211976,0.22027616720461887,0.14454229395229454,0.10615112585496622,0.08377848586692281,E
0.44264212809301534,0.21995256532573573,0.14537050829842837,0.10723572824790471,0.0847990700349158,E
0.44496175076436434,0.2205330428024504,0.14450045937165384,0.10667403450988093,0.08333071255165049,E
0.4457031711501324,0.22045522278308027,0.14469665473012125,0.1063086930434201,0.08283625829324592,E
0.4518208816785032,0.221699374356411,0.14351313859039005,0.10307728610925318,0.07988931926544249,E
0.4443289610011349,0.2198925763008852,0.14470753008276338,0.1070365950889558,0.08403433752626069,E
0.44439089703424145,0.2203794574486814,0.1449435221039986,0.10703397805248722,0.08325214536059129,E
0.44278715331483065,0.21972234385832248,0.14516378695019447,0.10758862256950277,0.0847380933071497,E
0.4474435541028417,0.221247157677282,0.1442783033322547,0.10521574726105247,0.08181523762656907,E
0.4438202634210183,0.22016584292679867,0.14493167092214915,0.10706277715173312,0.08401944557830064,E
0.4444589745572686,0.22018155638882866,0.14494247633058424,0.106573448017989,0.08384354470532951,E
0.44471851473669044,0.22073081991246546,0.14470788131641224,0.10670142568050324,0.08314135835392873,E
0.45561591345556923,0.22293204772297387,0.1433503245299806,0.10198241182303094,0.07611930246844537,E
0.4448136638442745,0.22045618444548346,0.14488287206082615,0.10631122199414943,0.08353605765526645,E
0.44873803519793065,0.2212554998014961,0.1443950944518379,0.10497536834210941,0.08063600220662577,E
0.447646536957862,0.2211003168135736,0.14485327556541483,0.1046053502681131,0.08179452039503647,E
0.4447309115737868,0.2205181318928953,0.14494334658302857,0.1066923546758634,0.08311525527442584,E
0.4440743666074261,0.22028685062538023,0.14528284520875326,0.10653541060409456,0.08382052695434582,E
0.4461637813005739,0.2208282040990565,0.14440189143605645,0.10587803891309189,0.08272808425122125,E
0.44855765265335035,0.2211606245239411,0.1440240849114633,0.10477826822304447,0.08147936968820066,E
0.44161224596964577,0.2198513945480927,0.14526054611327166,0.1077255361767465,0.08555027719224338,E
0.45281864972980806,0.2225411979012176,0.14313448158089154,0.10275529023733926,0.07875038055074353,E
0.45502326812788807,0.22225075296643243,0.143830294603588,0.10138610921903138,0.07750957508305995,E
0.4421861522200343,0.2200362358649265,0.14514122695926981,0.10748335131437942,0.08515303364139007,E
0.4443466656141933,0.22021792822675523,0.14507175045021695,0.1067619460047282,0.08360170970410645,E
0.44228807326549874,0.2197669975644297,0.14511696714975417,0.10796374431638095,0.08486421770393651,E
0.45722930553316954,0.22227117461114188,0.14229443611840242,0.10187294027866146,0.07633214345862468,E
0.44554145662679673,0.22071702663750956,0.14497537828306553,0.10575766171582453,0.08300847673680377,E
0.44604413973986484,0.22063124037445114,0.14452169243710963,0.10615930565852416,0.08264362179005028,E
0.444068527784515,0.22011704951482436,0.144654058015089,0.1071892846527735,0.0839710800327982,E
0.4455052020072485,0.220330858287167,0.14490038421402923,0.10617484824056435,0.0830887072509908,E
0.44845053989567607,0.22103767131969745,0.14401698569388424,0.10500484926099503,0.08148995382974729,E
0.4442635967500984,0.22028193737179222,0.14494556680645598,0.10683252983776696,0.0836763692338865,E
0.44504539630264284,0.22047178861932795,0.14497703419835284,0.10646551076425302,0.08304027011542328,E
0.4453735613942659,0.22019769248654494,0.14503363272458084,0.10632561888716416,0.08306949450744422,E
0.4497979797180223,0.22144993250224448,0.1433726341955427,0.1050089200740522,0.08037053351013845,E
0.44626641858603405,0.22090217126240608,0.144427727877628,0.10552311257378938,0.08288056970014256,E
