powLv1,powLv2,powLv3,powLv4,powLv5,kelas
0.4466923242291382,0.22011666239849528,0.14467173765392188,0.10600338998438619,0.08251588573405835,A
0.44245502670882847,0.2196581333592429,0.14503885638025457,0.10749426977452446,0.08535371377714959,A
0.4469927031271394,0.2205346821195371,0.1444430282474731,0.10556467124930087,0.08246491525654939,A
0.45709013456758885,0.22189778144034777,0.1419541258124668,0.10166568946138614,0.07739226871821041,A
0.44740667957484315,0.22067367372835786,0.1438115514631145,0.10597451470052006,0.08213358053316455,A
0.4445481684525081,0.22006091213609116,0.14469499124881774,0.10695724301020285,0.08373868515238009,A
0.4519233355655649,0.2213473372028676,0.14371309652295847,0.10365438079619438,0.07936184991241467,A
0.4508664739097245,0.2213436970796589,0.14344184716676103,0.1039802594590563,0.08036772238479935,A
0.44446341245073817,0.2197771999475373,0.14494702721608183,0.10707185103915762,0.08374050934648511,A
0.4411915849025814,0.21952060309707497,0.14541669033905857,0.10803282210934463,0.08583829955194032,A
0.44495852135327096,0.22019779339178192,0.1446119123124083,0.10679034819792989,0.08344142474460886,A
0.443899905532677,0.22002625455467445,0.1447255744717397,0.1067219021056807,0.0846263633352281,A
0.4450339803536601,0.22018813968876041,0.14456485042520834,0.1066800481864771,0.08353298134589411,A
0.4438016595613055,0.22009171967669483,0.14483639738020654,0.10708608469949028,0.084184138682303,A
0.44712633576833255,0.22059435417264517,0.1443156671979823,0.10562654339370225,0.08233709946733787,A
0.446304318967781,0.2201798592868999,0.14406765701351418,0.10627608332711581,0.0831720814046891,A
0.444878529816306,0.22033146994900715,0.14436969802382701,0.10689547245204108,0.08352482975881875,A
0.4469024852647728,0.22041202628786163,0.1446066955737839,0.10552990343264022,0.08254888944094142,A
0.4443752112702456,0.21985737603224662,0.14503939770735794,0.1068124851742514,0.08391552981589843,A
0.45147164102141263,0.2211472897435998,0.1428805136641631,0.10340422914384506,0.08109632642697939,A
0.44640529550103913,0.22023401667122744,0.14421423135053357,0.10640332721147974,0.08274312926572003,A
0.4467088584808688,0.22013253107255337,0.1441677388529494,0.10649197225628367,0.08249889933734467,A
0.45212074483822084,0.22065877121417232,0.14342820128921216,0.1037174671197138,0.08007481553868083,A
0.4631052642096254,0.22058751503450702,0.14000294910777727,0.09978315307162373,0.0765211185764666,A
0.447128937995719,0.22091056852800897,0.14416239597118713,0.10536997397614332,0.0824281235289415,A
0.4505097245933353,0.2203139117381248,0.14340865006111497,0.1043060540028361,0.08146165960458868,A
0.4618533160951478,0.22297943223406305,0.14012744355598047,0.09997019790319932,0.07506961021160931,A
0.43933391505805597,0.21920985315731742,0.14582048819375945,0.10885217213166745,0.08678357145919972,A
0.4604668344099055,0.22148868852526332,0.14098667157322473,0.10072385045715199,0.07633395503445445,A
0.44717861534259157,0.21936070053015588,0.1438874517560826,0.10598117155834288,0.08359206081282695,A
0.4458355885971505,0.22055000745072817,0.14414373150142507,0.10646856157755932,0.08300211087313694,A
0.45211480843569657,0.22074338469036248,0.14310383737802262,0.10439569187997738,0.07964227761594095,A
0.4417047362060941,0.21949753190048732,0.14494959675233188,0.10797631313755036,0.0858718220035364,A
0.4469776043912369,0.21985450618262503,0.14407748180449764,0.10603364656960496,0.08305676105203542,A
0.44391809807526816,0.21987851348057214,0.1445963916561732,0.10731494484444656,0.08429205194353996,A
0.4475372118648934,0.22033586953334738,0.14406720200930054,0.10578532943356243,0.08227438715889615,A
0.44792791611648225,0.22051719151055096,0.14432287400925314,0.1054759654355414,0.08175605292817222,A
0.43807974853740295,0.21896655726932,0.14592123414766062,0.10947971955702011,0.0875527404885963,A
0.4444517263241077,0.2200777545170329,0.1446112517641936,0.10709962081858579,0.08375964657607997,A
0.43958185523759274,0.2191032160888715,0.14562027619600837,0.10883687261970353,0.08685777985782385,A
0.4464716194713428,0.22024182118075383,0.14467154823171263,0.10538504456558279,0.08322996655060796,A
0.43803615739853863,0.21896417615889222,0.14595956841370689,0.10947286790806582,0.08756723012079644,A
0.45247171746626497,0.22156445275311146,0.142640993240775,0.10343890932767706,0.0798839272121715,A
0.4518720458074088,0.2215319462614944,0.14310012330996955,0.1038153002509008,0.07968058437022642,A
0.4491191083063987,0.2213184708649662,0.1439134085188201,0.1046147768986211,0.08103423541119391,A
0.44700193159752855,0.22030489992586397,0.1443511478714201,0.10559389248466126,0.08274812812052605,A
0.4408461415582769,0.21941042676366476,0.14517942950618545,0.10855417143546627,0.08600983073640661,A
0.44943232667861105,0.2213356716082254,0.14340864185370572,0.10428634389842414,0.08153701596103373,A
0.43912102688289595,0.2191707373249329,0.14573337355425003,0.10899510961520796,0.08697975262271307,A
0.44728948325661116,0.2207041721923024,0.14397068096737312,0.10603633179128663,0.08199933179242683,A
0.4532595817546553,0.22081421600757414,0.14259349060608795,0.10330016999099423,0.0800325416406884,A
0.46124914374952264,0.22297058542198833,0.1419507908790322,0.09961039743362046,0.07421908251583628,A
0.44715183152337035,0.22071045799932246,0.14406275396381002,0.10585518775111151,0.08221976876238561,A
0.44520410073593764,0.22031763277044378,0.1446716890136468,0.10665086375140291,0.08315571372856888,A
0.4518633175865486,0.22117922786604632,0.14344496961067213,0.10369940109134161,0.0798130838453913,A
0.4485775497124235,0.2209743815750875,0.14369785634941276,0.10489137159437052,0.08185884076870559,A
0.4458707319494982,0.2204541749173065,0.14444212970157147,0.10619986974795341,0.08303309368367041,A
0.45367185291787154,0.2207948460634478,0.14202132522355573,0.10385641526554447,0.0796555605295804,A
0.44591556538572247,0.2203542436496319,0.1447020879394443,0.10611618680520794,0.08291191621999333,A
0.4394304735763689,0.2193176523259036,0.14557313378736886,0.10891101221156504,0.08676772809879363,A
0.43802564031461283,0.2189745880162298,0.1459452985381516,0.1094872940081149,0.08756717912289091,A
0.44697346411373234,0.22022289083274205,0.14433280024380174,0.10583403115682694,0.08263681365289689,A
0.4463534215447772,0.22052128406912466,0.14437097153455816,0.10589109161112249,0.08286323124041754,A
0.44720427806263635,0.22060953270510694,0.14382442613882448,0.10594255209415522,0.0824192109992771,A
0.4605864195921831,0.22295381027265945,0.14194279338488022,0.09999390110660054,0.07452307564367665,A
0.45163860890053426,0.2214479190425045,0.14396241864209863,0.1040221056227917,0.07892894779207092,A
0.446407763286337,0.220737906979123,0.14474331332447377,0.10564849189891384,0.08246252451115235,A
0.4497303860978221,0.22092101202729675,0.14318024427359943,0.10503474595802359,0.08113361164325805,A
0.44789593140312056,0.22057540241921408,0.14434625091518244,0.10522546609380552,0.08195694916867738,A
0.44714486993040375,0.22016944057705617,0.14458010056685464,0.10589801495944677,0.08220757396623864,A
0.44544226662261305,0.22046833463520565,0.14460798945034,0.10655326599175684,0.08292814330008437,A
0.4545191274754513,0.22208186044923628,0.14246381247233555,0.10266088527904423,0.07827431432393252,A
0.438424759535198,0.2190606616052311,0.14580352993518134,0.1093226092917226,0.08738843963266697,A
0.4474687314499113,0.22057265997096437,0.14411751566854886,0.10565256831996109,0.08218852459061439,A
0.4472242765083596,0.22051318412934434,0.14425690581642373,0.10474511218013405,0.08326052136573842,A
0.4483423480974973,0.22078037971979403,0.1438060925457609,0.10525914658962704,0.0818120330473208,A
0.4489110296286316,0.22127532011086348,0.14371724985592874,0.1053364232735151,0.08075997713106109,A
0.459795910381567,0.22280512721804013,0.14134579294793598,0.10018642367996419,0.07586674577249275,A
0.4511976084580131,0.22124164817781125,0.14342532744164177,0.1037257838241749,0.08040963209835897,A
0.4382551354190995,0.21894462071971763,0.14586700775889405,0.10943347245140282,0.08749976365088599,A
0.4487856595467614,0.2205173119140771,0.14400493226774844,0.10538227956047501,0.08130981671093805,A
0.45502737609665694,0.22132553975968275,0.14290335446137786,0.1024869658427783,0.07825676383950426,A
0.43936676410173764,0.2190640214783117,0.1456971032062886,0.10903837727117771,0.08683373394248452,A
0.44781292446346393,0.2207697605495974,0.14424891204047902,0.10548747439687384,0.08168092854958589,A
0.45075958794074555,0.22054405301359165,0.14328281418617786,0.10489915249768154,0.08051439236180342,A
0.4407734696141402,0.21939462636571153,0.14529310945534007,0.10839956503466133,0.08613922953014679,A
0.4526860005153694,0.2210067761838047,0.1432572809108528,0.10416202814735694,0.07888791424261607,A
0.44930851104940855,0.22083251292790504,0.1440533744646738,0.10518223647987618,0.08062336507813653,A
0.44412912613085354,0.22013334026939255,0.14471817321186478,0.1069946650573465,0.0840246953305426,A
0.4551039872200849,0.22227621038614495,0.1425134730869161,0.10129990829333643,0.07880642101351765,A
0.44564448953719793,0.2200939401293983,0.14472297308256774,0.10645587920547835,0.08308271804535777,A
0.4488600479232025,0.22076933984827382,0.1441763502533646,0.10464959814659061,0.08154466382856847,A
0.45483555679130133,0.2223907222851297,0.14276436085709343,0.10223484852504668,0.07777451154142896,A
0.4479338179729737,0.2213616103803059,0.14414730271341553,0.10509494813725186,0.08146232079605296,A
0.4496883856724969,0.2210503331523051,0.14418100956824012,0.10442180057184997,0.08065847103510802,A
0.4418593552328917,0.21956300757244954,0.14501313457961032,0.10833826959410542,0.08522623302094312,A
0.45075667767059746,0.22102227539704278,0.14363936543479644,0.1039034141103808,0.08067826738718273,A
0.44808244743453635,0.22065305112672876,0.14428781422786285,0.1050588704370007,0.08191781677387128,A
0.45211276642906306,0.22153131817492447,0.14321546484361342,0.10301632114983025,0.08012412940256883,A
0.4458811666448409,0.2204534718167884,0.14464395710069236,0.10581051868365016,0.08321088575402814,A
0.4484572621784245,0.22086015990621763,0.14393849197263467,0.10490342433761642,0.08184066160510681,A
0.44828824512348336,0.2213145510310651,0.14433485113254146,0.10496379993813472,0.08109855277477533,A
0.44891621502381535,0.22104937916101958,0.14374050724707482,0.10519757735293479,0.08109632121515545,A
0.44960039494177206,0.22114074498977235,0.14410676330772157,0.10493025056222402,0.08022184619850999,A
0.4518855322272488,0.22159353216477778,0.1439874224968635,0.10371754759512516,0.07881596551598477,A
0.44238227040767497,0.219559431489925,0.14497661976156537,0.10748954556881421,0.0855921327720205,A
0.4432697750487215,0.21995749723340285,0.14520511991852003,0.1070838597212837,0.08448374807807184,A
0.4482864761427072,0.2210138102891153,0.1435888483192298,0.10556143636951784,0.08154942887942968,A
0.4455656357152738,0.22052056829037783,0.14471117889457563,0.10592342239277237,0.08327919470700036,A
0.45360542106313445,0.22229079469653096,0.14361809707742348,0.10213428583892188,0.0783514013239892,A
0.4535823807588859,0.22195302363633793,0.14387391048106035,0.10291202907344729,0.07767865605026844,A
0.4560621443668447,0.22225515620032363,0.14266527851998784,0.10196482610142123,0.07705259481142261,A
0.44497767254442677,0.22040255576741513,0.14478074780697475,0.10669202037209932,0.08314700350908384,A
0.44960748542928863,0.2213421821157499,0.1437414133527525,0.10432228987269866,0.0809866292295103,A
0.4548916166750634,0.22231341819585979,0.14302993183003154,0.10301924458381911,0.07674578871522615,A
0.44061643523741567,0.2193879758241299,0.1454203276150481,0.10854144336427485,0.08603381795913151,A
0.45367635102769077,0.22224487912493573,0.1436798228073953,0.10287718249695671,0.07752176454302154,A
0.4586270698979699,0.2227833282476574,0.1427817451672449,0.09999836451167436,0.0758094921754534,A
0.4458103617896367,0.22041587480406982,0.14467479297051575,0.1062366054106527,0.08286236502512502,A
0.4503751647341406,0.22113129200542728,0.14394457593886287,0.10398302027044333,0.08056594705112595,A
0.44709771112854335,0.22063318202421223,0.1447725038101013,0.10560376538411458,0.08189283765302852,A
0.44931274992449177,0.22099873465857045,0.14426815654113734,0.10474689666986843,0.08067346220593197,A
0.4516394518986434,0.22229468255582807,0.14363604236176483,0.10310078636695953,0.07932903681680414,A
0.4455107443248676,0.2205064757958821,0.1447041381503121,0.1060797327026033,0.08319890902633494,A
0.45062481202407156,0.2213530008277595,0.14390558750961507,0.10442172615799826,0.0796948734805557,A
0.44251381287174,0.2201866418430891,0.14483201828159548,0.10741581415581156,0.08505171284776378,A
0.44556450302545814,0.22036587754995934,0.14467603876225926,0.10651853048561769,0.08287505017670548,A
0.4415916025572419,0.21958252159842975,0.1452166829590004,0.10789924784865584,0.0857099450366722,A
0.4517250214697557,0.2212306413802175,0.14397934352382494,0.10351903742677873,0.07954595619942319,A
0.4475066079246548,0.22102455467494334,0.14394583491280583,0.10550991511086466,0.08201308737673145,A
0.44825574359583176,0.2210179764119645,0.14365851842828686,0.10534228370233815,0.08172547786157863,A
0.4562270310353595,0.222709638193082,0.14261349349872657,0.10240347530112692,0.07604636197170497,A
0.46117315424240907,0.22310477198278492,0.14243109397249673,0.09887096155866235,0.07442001824364694,A
0.45205150798864624,0.22122084435386605,0.14360099457758746,0.10386426769313581,0.07926238538676449,A
0.45368046577867277,0.2224672856325213,0.14347479065130114,0.10270651040083743,0.07767094753666741,A
0.45291011062328995,0.22223131205705993,0.1430982399049809,0.1028060320143983,0.07895430540027092,A
0.45241459741573953,0.22223603031574524,0.1435187445438588,0.10340627079393619,0.07842435693072031,A
0.4498386852783109,0.22140391377809124,0.14375408755799468,0.10436019256641783,0.08064312081918533,A
0.4553838675420683,0.22270626437656682,0.14304568237121015,0.1019705071285848,0.07689367858156997,A
0.4538522655123668,0.22217525668323518,0.14323661160590578,0.10272152631375865,0.07801433988473365,A
0.45388138349136203,0.2221815124099817,0.14385087768205918,0.10225169511486046,0.07783453130173672,A
0.43814670665315253,0.21900520838138798,0.14593321973344603,0.10943867439675448,0.08747619083525895,A
0.45441835381334367,0.22253121483568772,0.1424734541183552,0.1027968187124447,0.0777801585201687,A
0.45162413610437846,0.22142584498675327,0.14356289604210756,0.10403049667411864,0.07935662619264201,A
0.4466863321481456,0.22070778236401217,0.14450434288822014,0.10583071957977304,0.08227082301984891,A
0.4506455832896611,0.22192893374364234,0.143054285514513,0.10434170810133071,0.08002948935085283,A
0.44014549965869343,0.2193893711032755,0.14558599955390542,0.10848499498411651,0.08639413470000917,A
0.4470374829305491,0.2207475506016351,0.14468428463529143,0.10576250484653932,0.08176817698598497,A
0.44634149172200493,0.22067400038299878,0.1443576356985761,0.10641561551570394,0.08221125668071631,A
0.45063860169544445,0.22121551824371471,0.14384875001737024,0.10441602540299479,0.07988110464047583,A
0.4382365003774747,0.21896721276826653,0.1459040480166009,0.10943302309708877,0.08745921574056907,A
0.4415899984540746,0.21961722783416876,0.14522889085123375,0.10793826278623093,0.08562562007429189,A
0.44465075308781127,0.2203751974714829,0.14472787806622503,0.10658663194976668,0.08365953942471421,A
0.4503840727921572,0.2216906026266724,0.14370241736421843,0.10452818666125344,0.07969472055569855,A
0.4522711284593505,0.22141378056653924,0.14311388151742366,0.10394680339432999,0.07925440606235658,A
0.4499806909930218,0.2214581971885452,0.1433864141721244,0.10447731231301828,0.08069738533329036,A
0.447532265762256,0.22059931856505072,0.14434395744737208,0.10586898351526061,0.08165547471006063,A
0.44045204380512315,0.21937515898461962,0.14546946871199687,0.10838070298176479,0.0863226255164955,A
0.4575142662723224,0.22210809248566413,0.14142252373336048,0.10215981686022862,0.0767953006484244,A
0.45740672687755907,0.2227460240731334,0.14244058238290502,0.10157958819609395,0.0758270784703086,A
0.4553631986389022,0.22173818022695638,0.1433701413910493,0.10232987843263268,0.07719860131045958,A
0.44185770297489074,0.21949780042899686,0.14482837748458152,0.10832659558941138,0.08548952352211954,A
0.45896531094437676,0.22257575568953084,0.14249987727069752,0.10053585140194446,0.07542320469345047,A
0.4486819042565925,0.22085649908441748,0.14366059464844555,0.10486889482586512,0.08193210718467941,A
0.45819249511759996,0.22214823749488677,0.1417224807827158,0.1014725414314902,0.0764642451733072,A
0.456476795935684,0.22185984804681452,0.1422334903025061,0.10144687810907038,0.07798298760592495,A
0.4542925886282252,0.22183186754188966,0.14288676664718333,0.10277547858991302,0.07821329859278886,A
0.45573572329346984,0.22318076435136966,0.1431963469793741,0.10125846924793772,0.07662869612784869,A
0.4565681933901663,0.22224214066242318,0.14257708761257623,0.10253780662818567,0.07607477170664866,A
0.44028590627541414,0.21925467932465162,0.14538081407007575,0.10848945138572415,0.08658914894413429,A
0.45723696827771587,0.22226003254874593,0.14155294476264293,0.10140461028022128,0.07754544413067388,A
0.45443621187981387,0.22160631020594396,0.14229243750672443,0.10322524348593548,0.07843979692158215,A
0.4557540563196851,0.22169161328078224,0.14275045701044708,0.10211175258708254,0.07769212080200304,A
0.44069831507536794,0.21945573811300542,0.14530489479426748,0.10831785588473244,0.08622319613262666,A
0.45803260280337643,0.22272322465732206,0.14212615193990566,0.10107837063424456,0.07603964996515129,A
0.4489529386724939,0.22099096128488588,0.14381370386408548,0.10534985270602154,0.08089254347251308,A
0.45564526794440025,0.22134903466700698,0.14241003012937375,0.10324753340336369,0.07734813385585539,A
0.44523852523345514,0.21991029184930974,0.14428307100553092,0.10694120747189889,0.0836269044398054,A
0.45316456731890337,0.22149039372827536,0.14306656139245583,0.10273099302762907,0.0795474845327365,A
0.4548413309230624,0.22187939784044838,0.1424914674219263,0.10298354215081165,0.0778042616637512,A
0.45433955992289915,0.2218545167762994,0.1424993240273928,0.10304892813566856,0.07825767113774015,A
0.4561808515779097,0.2219788213242779,0.14280483925554446,0.101642250892633,0.07739323694963493,A
0.43971757765972075,0.21916776861787726,0.1455998762401515,0.10873206501051613,0.08678271247173423,A
0.45746020755172784,0.2217396336311486,0.14200820544100962,0.10124177704970042,0.07755017632641348,A
0.4595430639167144,0.222916863432163,0.14189092668863496,0.10027555251417702,0.07537359344831063,A
0.44691710412697544,0.22066160446278046,0.14389760002193006,0.10604757466522294,0.08247611672309108,A
0.4560516547349739,0.22132809746386245,0.14231653339025274,0.1029106688418752,0.07739304556903581,A
0.4535440503164065,0.22218448236850802,0.143563142106103,0.10256427968898421,0.07814404551999835,A
0.45570048120183093,0.22245273211980307,0.1422488500897013,0.1016828091903402,0.07791512739832453,A
0.4578707397241619,0.22152600364674252,0.14113008831835802,0.10183342796629966,0.07763974034443795,A
0.453785067468302,0.2222478217008001,0.14343494069113355,0.10282394380840094,0.07770822633136333,A
0.45464050800073247,0.2217455155253313,0.14246479699161463,0.10290121556004087,0.07824796392228066,A
0.45345647266044775,0.2223917881699503,0.1439137202525875,0.10270488882167493,0.07753313009533952,A
0.4512620322321406,0.22170271610450684,0.14383457130775004,0.10402722521875458,0.0791734551368478,A
0.45369666562137856,0.22252421947956053,0.1427418855183531,0.10338342867035076,0.07765380071035703,A
0.44582066597975717,0.2205178622310693,0.14465500153423705,0.10594172915404436,0.08306474110089217,A
0.4526751397440108,0.22182168355386353,0.1430709149968979,0.1032884411839848,0.07914382052124304,A
0.4414976109241555,0.21951175116169708,0.1453426878986812,0.10800102569473705,0.08564692432072911,A
0.4501190321976458,0.22151093655387005,0.14349724356604396,0.1043158767666415,0.08055691091579854,A
0.4533718501302583,0.22262821730491877,0.14308241255144746,0.10287268485533704,0.07804483515803838,A
0.44045742654409165,0.2195217402586444,0.14543167454457623,0.10848990740860055,0.08609925124408711,C
0.4405131631921424,0.21959322782025134,0.14556638059987712,0.10834480477477351,0.08598242361295562,C
0.4414979126737155,0.21976006707315873,0.14521898988835447,0.1079715494393383,0.08555148092543292,C
0.4404402145555726,0.21945541981197744,0.14550721818435866,0.10842440574374584,0.08617274170434545,C
0.445714651805391,0.22011870112832113,0.14456881704752209,0.10586730603318537,0.08373052398558037,C
0.4404552378849216,0.21954581884336263,0.1454011923376228,0.10846870378747173,0.08612904714662116,C
0.44005837591555463,0.21933266996495981,0.1455168022511159,0.10859758875058585,0.08649456311778382,C
0.4391020298065487,0.21909693691375942,0.14572745016709432,0.10921006345114365,0.08686351966145385,C
0.4408525439885209,0.21950629674189703,0.1455112664220119,0.10819835996525656,0.08593153288231357,C
0.4414280720194286,0.21956032371854972,0.14541791009069963,0.10820586548872253,0.08538782868259956,C
0.44168226697689383,0.21954341618041848,0.14529891323144092,0.10790411015049291,0.08557129346075397,C
0.4409990183863565,0.21955103644864107,0.1453459254460026,0.10829530717450177,0.08580871254449814,C
0.43951451499896965,0.21925252582880736,0.1456495985576755,0.108888578164952,0.08669478244959547,C
0.4383185437434207,0.21901549369165343,0.14593858352893813,0.10934674972205037,0.0873806293139374,C
0.44410835159588796,0.2197876069148284,0.14451752950459243,0.10700204177385426,0.08458447021083694,C
0.4393366371171059,0.21928973648268463,0.14564645127080209,0.10894213282255796,0.08678504230684941,C
0.4417783125740038,0.21944567743231877,0.1450213519486377,0.10837198112567017,0.0853826769193697,C
0.44079733849916786,0.21951044247936796,0.14533523838859552,0.10839647434254283,0.08596050629032599,C
0.440078877785435,0.2193527029552316,0.1454581552203709,0.10875189925407709,0.08635836478488546,C
0.43941793346146896,0.21920746006492614,0.1457581916331766,0.10893546320394094,0.08668095163648733,C
0.4409137216041999,0.21929090609652538,0.14557209488804398,0.1082569069898057,0.08596637042142503,C
0.4402741912135558,0.219450659263849,0.14559964963883756,0.10860955395273562,0.08606594593102192,C
0.4412071994705773,0.21905014105803752,0.14526708767142268,0.10839052205686907,0.08608504974309346,C
0.4411812001169591,0.2193848161115553,0.1452900810304515,0.1081728842401186,0.08597101850091558,C
0.441346977104768,0.21965268805077895,0.1453695529137561,0.10830857485852934,0.0853222070721677,C
0.43992620562838197,0.21921146777671216,0.14554892138059386,0.10888878969876088,0.08642461551555115,C
0.44145758308178573,0.21951378370728972,0.1455404120368671,0.10811556548193536,0.0853726556921221,C
0.44136664322109864,0.21921821877150952,0.1454182233139167,0.10814400654671495,0.08585290814676028,C
0.4395054639248397,0.21920648936209192,0.14570244189316575,0.10886048797450247,0.08672511684540028,C
0.4395329397769904,0.2191899899614749,0.14561032171907184,0.1089756091049504,0.08669113943751246,C
0.44156180836358977,0.2197478343309568,0.14550351978719367,0.10804214554936552,0.0851446919688944,C
0.4392601734152692,0.21916019400518844,0.14570734576963354,0.1090604802046511,0.08681180660525772,C
0.43949253517734593,0.21926264416583938,0.14567912343538314,0.10891039275695656,0.08665530446447495,C
0.4395296670339643,0.21924668928706428,0.14580810736658406,0.10886456030683424,0.08655097600555316,C
0.4395842581207563,0.2191740283291047,0.14569686071011387,0.10893700383529731,0.08660784900472782,C
0.43967013140090705,0.21916898615415306,0.14563905012697453,0.10890178924925444,0.08662004306871086,C
0.44133623517853876,0.21956289462644718,0.14531575493988955,0.10791655163264648,0.08586856362247805,C
0.44011143400770186,0.21924983432561093,0.14565914860484896,0.10860388370781315,0.08637569935402523,C
0.4426545233492509,0.22001036142084848,0.14520884717739296,0.10743570180909595,0.08469056624341166,C
0.4400803632746765,0.2194611743304749,0.14557411765397538,0.10852847981070753,0.08635586493016563,C
0.44115868995437957,0.21919648677326722,0.14539509849784893,0.10825209823237272,0.08599762654213151,C
0.4408051078067299,0.21949482899989411,0.14517260530728673,0.10832778028535474,0.08619967760073467,C
0.44203411816081606,0.21956749122754826,0.14533428746615445,0.1077760282941598,0.08528807485132141,C
0.4409904748010484,0.21947018433895396,0.14551635614078873,0.10819677724493972,0.08582620747426918,C
0.43876990148268236,0.21912669713927238,0.14583511645406916,0.10913292589952153,0.0871353590244545,C
0.4407543326076341,0.21918282781569465,0.14536764235917596,0.10861422787211084,0.08608096934538453,C
0.441423578069138,0.2196921368856072,0.1454949832515649,0.10784268144171232,0.0855466203519775,C
0.45032491657524165,0.22118909408584572,0.1429827046997618,0.10484450669515301,0.08065877794399783,C
0.43916351087627903,0.21911405286346447,0.14577835053270682,0.1090037011416147,0.0869403845859349,C
0.44412707746337865,0.2197151705632928,0.14464181272940005,0.10707219223901895,0.08444374700490946,C
0.440983388153791,0.21963866986597821,0.14536436420744311,0.10815753831900564,0.08585603945378198,C
0.44728704818300474,0.22056951931073573,0.14402462734821941,0.10541402046993839,0.0827047846881018,C
0.43998234357770233,0.219390088976696,0.1455545148203391,0.10874975186068521,0.08632330076457734,C
0.4404397738340088,0.2193104651735098,0.14565140548352587,0.10862500205076656,0.085973353458189,C
0.4408902904471001,0.21959863075486086,0.1452810491923935,0.10847843336685314,0.08575159623879237,C
0.4451093438938527,0.2198246272241079,0.1446679221476811,0.10687666686802447,0.08352143986633383,C
0.4414020509112472,0.21929846651365886,0.1454172235113989,0.10808244024671897,0.08579981881697597,C
0.4392117713968978,0.21917577679597766,0.14577824401092643,0.10890633121407282,0.08692787658212521,C
0.4416449259054999,0.2195036802628104,0.14510849330639689,0.10810503535107456,0.08563786517421816,C
0.44109819923711513,0.21950011945584727,0.1456334125896125,0.10797760978373319,0.085790658933692,C
0.4421247726336667,0.21974326385807746,0.14524046475534585,0.10771286703422384,0.08517863171868613,C
0.44187272065798555,0.2197688081307928,0.1451783750763981,0.10773816840694052,0.08544192772788294,C
0.441991996267762,0.21966405412126153,0.1453159174931506,0.10781410329902269,0.08521392881880323,C
0.44066511591356183,0.2194366422733612,0.1455489106798536,0.10848243122813737,0.08586689990508592,C
0.4413227436704888,0.21966364494703347,0.1452895011160898,0.10807172991174976,0.08565238035463817,C
0.4393906113353937,0.21921473236818648,0.14568158733632344,0.10893402054410128,0.08677904841599511,C
0.44085541718344956,0.21932811601162627,0.1452735187160095,0.10845692044283074,0.08608602764608396,C
0.4420025352595456,0.2194560093619341,0.1453726756211658,0.10758414713543817,0.08558463262191635,C
0.442050326176357,0.2197913575834906,0.14520917153232407,0.10787179084873849,0.08507735385908989,C
0.4410476349198044,0.21947196677940453,0.14543538594520222,0.10828420378539202,0.08576080857019683,C
0.4408316164765099,0.21938300115928266,0.14528369432277366,0.10841104714918588,0.0860906408922479,C
0.4407042183215747,0.21956102973436956,0.14552358511357824,0.1082654955966651,0.08594567123381242,C
0.44091786311073194,0.21952049369536178,0.14541934457897274,0.10836260622531015,0.08577969238962337,C
0.44164122796866645,0.21933965061445557,0.14536520973422457,0.10820168413102872,0.08545222755162463,C
0.44055844768670294,0.21930017692505047,0.1454444068746741,0.10843039611799242,0.08626657239558,C
0.43943631306708714,0.2191622201447621,0.14570185573427455,0.10888793415666195,0.0868116768972143,C
0.4408151603308121,0.21936280640543898,0.14541351150087073,0.10833087373466742,0.08607764802821082,C
0.4419487074765668,0.21956772048198492,0.14503407078815883,0.10794354649012475,0.08550595476316476,C
0.44197972256379087,0.21943894646760598,0.14537266576047903,0.10793747117280535,0.08527119403531874,C
0.44063584409747864,0.21916052864664662,0.14543281340705455,0.10853133736682219,0.08623947648199799,C
0.4401076286347031,0.21921432042575348,0.1455516874024285,0.10861986810092687,0.08650649543618803,C
0.4405558520281847,0.21931976013335036,0.1454817422850049,0.10847186128288212,0.08617078427057778,C
0.43801482984381446,0.21896871307565324,0.14595756283919092,0.10948435653782662,0.08757453770351464,C
0.442061488607269,0.21980418617838807,0.14513975307426474,0.10785191272065621,0.08514265941942199,C
0.4468787284088831,0.22030257532945913,0.14362009086092872,0.10630738205663913,0.08289122334408994,C
0.4417194458635602,0.2196512702321937,0.14538988318532892,0.10772674358523623,0.08551265713368103,C
0.44012642099442917,0.21932634297744333,0.1455977442028994,0.10855877992205216,0.08639071190317588,C
0.4418260465703245,0.21971967166436135,0.14513646623930113,0.10802024427615374,0.08529757124985922,C
0.4387311675710562,0.2191270390278225,0.1458028824567493,0.1092065793801385,0.08713233156423353,C
0.44095083016010445,0.2192138158393195,0.14542103424446018,0.10839118501495365,0.08602313474116226,C
0.44522780973015613,0.22011136843862456,0.14416623852265797,0.10705714303973406,0.08343744026882728,C
0.44273494987474704,0.21948445151029014,0.14487673086668992,0.10776348334579101,0.08514038440248176,C
0.44020915612574846,0.21925954982223908,0.14540103210609778,0.10878715415834944,0.08634310778756522,C
0.4415620865029562,0.21967117370044167,0.14540380091618527,0.1079028068603889,0.08546013202002789,C
0.4396213320687538,0.21912981708770005,0.14560334059463667,0.10881568165417836,0.0868298285947311,C
0.4456028234123217,0.2198156138891981,0.14456106807749974,0.10693281300131612,0.08308768161966441,C
0.4380294093477838,0.21896849416546824,0.14594865587750872,0.10948424708273412,0.08756919352650522,C
0.4420832606851176,0.21968820425270677,0.14518909731733526,0.10780837032178255,0.08523106742305776,C
0.4392969494333725,0.21929744279402794,0.14570151317681812,0.10893844627865275,0.08676564831712871,C
0.4403959636661014,0.2193008474397933,0.14559804507105728,0.10834260113772591,0.08636254268532206,C
0.43965816000189323,0.21920825416318024,0.14560392089608987,0.10879364948659485,0.0867360154522417,C
0.4384060696880541,0.2190866554659081,0.14585967775210495,0.10929818819180988,0.08734940890212285,C
0.4411469417025718,0.21952576129479878,0.1454485561198015,0.10807325221406626,0.08580548866876168,C
0.43929775900866536,0.21922223586821496,0.14578901245328194,0.10895523294126978,0.08673575972856803,C
0.4425422349761003,0.21932622644796698,0.1452201456803317,0.10773759843336565,0.08517379446223555,C
0.43874675422649023,0.2190194180995537,0.1458699316567969,0.10924768744223905,0.08711620857492014,C
0.44190731158056024,0.2196054255057354,0.14513486134657824,0.10803582148522753,0.08531658008189859,C
0.43939385434024053,0.21921426981180203,0.14577487738099235,0.10881989577555556,0.0867971026914096,C
0.43861353270694964,0.21910188151005175,0.1458530545939831,0.10917879895769303,0.08725273223132252,C
0.438731799549633,0.21908240554625122,0.14579139015737066,0.10925226835680538,0.08714213638993974,C
0.4397232979144016,0.21918411603024454,0.14560684476532373,0.10889570472908389,0.08659003656094627,C
0.4416961034015291,0.2197229937643869,0.14544836597242297,0.10766886572151578,0.08546367114014534,C
0.4417364359835594,0.21961072111147142,0.14533365583890864,0.10794774676715643,0.0853714402989041,C
0.441160318463573,0.21956429117152318,0.145560817506243,0.10798576899602866,0.08572880386263206,C
0.4403644459054483,0.2194092437644997,0.14549146106668626,0.1085056053274924,0.08622924393587342,C
0.44395513652506136,0.21972633077592343,0.14503010352652013,0.10717437087958875,0.0841140582929063,C
0.4424698204338542,0.21995498230093116,0.14541373264844074,0.1074752410755931,0.08468622354118077,C
0.44489520294498247,0.22037373154734116,0.14460958472824267,0.10658155618740654,0.08353992459202715,C
0.43984426329183657,0.2192729174532392,0.14557776932420108,0.10880599184055295,0.08649905809017003,C
0.4404225823627089,0.21956765047753982,0.1453912834283563,0.10834882301387164,0.08626966071752341,C
0.4408185696293956,0.2195725649542483,0.14564417169950827,0.10841338294476367,0.08555131077208425,C
0.44065295294879714,0.2194486042711693,0.1455743001986478,0.10820932436714259,0.08611481821424312,C
0.445015252599909,0.2205420914227063,0.14470150946111585,0.10627452850122336,0.08346661801504553,C
0.44313849442379016,0.2197589898224948,0.14506566680435515,0.10742873838791148,0.08460811056144832,C
0.44141241539605414,0.21968247573668553,0.14533978440265224,0.10812546913195593,0.08543985533265211,C
0.4422410777275041,0.21963943202345113,0.14519761718280516,0.10755114286492978,0.08537073020130988,C
0.4396509323448413,0.2192612269037537,0.14565984732528584,0.1088501871184265,0.0865778063076926,C
0.4399016154243681,0.21926946304860695,0.14560587810518177,0.10877541379070818,0.08644762963113492,C
0.43887661551017976,0.219153877544916,0.14584085582245992,0.10906897045344321,0.08705968066900106,C
0.43851567694724713,0.21909331810767402,0.14580847885782042,0.10928417641870385,0.08729834966855468,C
0.44422859211501714,0.21991878991458066,0.14498575351603715,0.10690879694816946,0.08395806750619561,C
0.4419194567014881,0.21947736341985122,0.14556353029325958,0.10777190109625888,0.08526774848914219,C
0.4413664673442281,0.2193978597826752,0.14507543678953747,0.10835073697722694,0.08580949910633223,C
0.4425692394798129,0.21987052840706425,0.1452112839894172,0.1073413851699951,0.08500756295371055,C
0.44248171362403727,0.2199575182437578,0.14523194706486783,0.10752555276785603,0.08480326829948101,C
0.4409102409045651,0.21951860146497898,0.14547623892525519,0.10844962330923907,0.08564529539596158,C
0.4445665646593827,0.22006268821724206,0.14446370905213468,0.10694114670738042,0.08396589136386015,C
0.4408318642779916,0.21956642523786893,0.14529997943236098,0.10835939119310214,0.08594233985867641,C
0.43957238427573136,0.21927986596038906,0.14560801803965862,0.1087783450197559,0.0867613867044651,C
0.4417021969099743,0.21967036031823617,0.14550202155340927,0.10803532839261001,0.08509009282577018,C
0.439143886687992,0.21920654496928796,0.14581599141047014,0.10891655553916095,0.08691702139308882,C
0.4413463720735763,0.21951271906051834,0.14532377729121007,0.10811722911307323,0.08569990246162214,C
0.4443768408205211,0.22025770238201633,0.14492528716824943,0.10675282444856163,0.0836873451806515,C
0.4385168852000762,0.21903079954039661,0.14582965220052382,0.10926230593370248,0.08736035712530074,C
0.443158786369914,0.2197709573348582,0.14490295901602282,0.10745314682452994,0.0847141504546749,C
0.44362151479847434,0.22005211496557178,0.14506159473484634,0.10712403340681255,0.08414074209429502,C
0.44047083224399913,0.21933986761148622,0.14543980428243955,0.108542933031782,0.08620656283029317,C
0.4428864247522456,0.21976853273826313,0.1450232867181085,0.1074448546695668,0.08487690112181595,C
0.4409305887819047,0.21966514494100106,0.14544421353044407,0.10766501585244113,0.08629503689420912,C
0.43963433258450624,0.21926322224913444,0.1457949946819275,0.10871676414426519,0.08659068634016658,C
0.4418101769554801,0.21968361061354763,0.14524636237509386,0.10788344778008196,0.08537640227579657,C
0.44048299112426925,0.21936875349551385,0.14554204750995223,0.10850281825756267,0.0861033896127022,C
0.4397731114267694,0.2192051348259564,0.14553301567779367,0.10886509892009046,0.08662363914939002,C
0.4445421360410804,0.22023308806464453,0.14453954829152732,0.10673958173895348,0.08394564586379434,C
0.4407661217545187,0.21968902479486324,0.1454984954647247,0.10810016837700936,0.08594618960888406,C
0.44240665873125545,0.2197402356578184,0.1453208235716124,0.10753081182192865,0.08500147021738498,C
0.43910917906450403,0.21918223698012296,0.14572124264841227,0.1089883197330317,0.08699902157392903,C
0.4424263977885037,0.21971744342664656,0.14537672358211423,0.10769640139304021,0.08478303380969524,C
0.44053835155636983,0.2194651050236554,0.14549367633779972,0.10857573807379768,0.08592712900837733,C
0.43988222182510045,0.21936690396676498,0.14584884283544236,0.10862070943379597,0.08628132193889636,C
0.4407971101209016,0.21955564332252378,0.14545266749145375,0.10833770525071451,0.08585687381440646,C
0.43957803926958916,0.21927758636829286,0.14581046520130456,0.10882004127319972,0.08651386788761371,C
0.4410403019371024,0.21960887198746096,0.14559138104849728,0.10809110667654372,0.08566833835039561,C
0.4405375587390185,0.21930379888639584,0.14555782280811613,0.10838992172716083,0.08621089783930865,C
0.4464926645502601,0.2201059300618795,0.1441472907793831,0.10637373049690627,0.0828803841115709,C
0.44012669005435046,0.2193545791714653,0.14563295977110025,0.10861088958264616,0.08627488142043786,C
0.44002067551566054,0.2192362175869153,0.14553638719327874,0.10859896275974874,0.08660775694439658,C
0.44021245002539383,0.21933966600366644,0.1455028834678081,0.10855187266757989,0.08639312783555173,C
0.4384824302725344,0.2190530263509106,0.1458783135468401,0.10929479773226111,0.08729143209745374,C
0.4400502564508446,0.21942118059682433,0.14550666634723075,0.10860413154900285,0.08641776505609738,C
0.4415625969025944,0.21951263625121853,0.14530201368669837,0.10818621759286726,0.0854365355666214,C
0.44177581972534824,0.21941000123271187,0.14511462986761395,0.10803198113539715,0.08566756803892876,C
0.4401154345695021,0.21935186477417645,0.14545510011767798,0.10874884790025394,0.08632875263838943,C
0.44429633920117123,0.2199454178891916,0.1451029291795202,0.10687607226878995,0.08377924146132705,C
0.43925054773162114,0.21911709124453072,0.14567901810022565,0.10905888955503382,0.08689445336858856,C
0.43915603346848253,0.21903337907437556,0.1458123267447268,0.10912023491604447,0.08687802579637066,C
0.44411319154856055,0.2198140290567401,0.14470063386738444,0.10719941029150844,0.08417273523580637,C
0.444621297684567,0.2200321798211616,0.1450808041675672,0.10670195315258534,0.08356376517411897,C
0.438975097797921,0.21910069267274299,0.14575332389061113,0.10916253726230615,0.08700834837641876,C
0.4465658041866503,0.22008787576793157,0.14399902481598353,0.10610955442738412,0.0832377408020504,C
0.44019426318051774,0.21929570507712814,0.1456146364719564,0.10872132530143247,0.08617406996896525,C
0.4393048904010691,0.2191584645292709,0.14575308830730313,0.10891781335970725,0.08686574340264956,C
0.43857131531503546,0.2190759211783809,0.14582762631539378,0.1093049200568162,0.08722021713437367,C
0.44099931361152084,0.21953862838698518,0.14538208700332128,0.10825872406896614,0.08582124692920652,C
0.43831817612346485,0.2189844840399422,0.14587152886126875,0.10936807916003137,0.08745773181529284,C
0.4406062436212395,0.2195175923804851,0.1453719892458235,0.10855190623193361,0.08595226852051827,C
0.4390790422237212,0.21912210996733514,0.14577473723258572,0.10898860541403266,0.08703550516232515,C
0.4433851058068512,0.21993491553125563,0.1447878106875378,0.10755151709723917,0.08434065087711616,C
0.440293832640297,0.21932529086126787,0.14537793493556792,0.10870687703969117,0.0862960645231761,C
0.4400837971273209,0.21941806447666468,0.14562385916981904,0.10860296064699226,0.08627131857920316,C
0.4409505637319535,0.21953102636993385,0.14537270259401455,0.10831410110798483,0.08583160619611331,C
0.44015621016553974,0.2193869004060853,0.1455900827918899,0.10856096205652316,0.0863058445799619,C
0.44103887380389684,0.21925943755801705,0.14525185540334412,0.1083588573717674,0.08609097586297458,C
